0.8674
11.2405
25.3843
35.1056
40.4494
44.5489
48.3934
51.4894
53.5401
56.7689
56.9472
59.7089
57.3749
59.7878
59.8774
60.5718
60.8812
62.0255
63.0213
63.0947
63.7081
64.0711
63.1419
63.8032
62.4910
61.6815
62.9544
62.7306
63.8182
64.6731
64.5815
64.0761
63.0569
63.1824
64.9718
63.0782
62.6790
65.1242
64.8208
65.0844
64.3539
65.2472
67.2961
65.4503
67.9185
68.1597
64.8510
65.6091
66.7635
67.8138
68.2762
69.1995
69.6097
68.9770
69.9456
70.0741
70.0234
70.3917
70.6015
70.8140
69.1029
70.9548
71.1552
70.0522
71.0384
71.5387
71.1288
71.0891
70.5811
72.2117
71.8117
71.6704
71.4990
72.4240
71.8514
71.7384
70.9784
70.8322
72.0922
71.8856
72.6388
68.6239
70.8653
71.9812
72.4497
70.8942
69.6363
72.1538
71.8777
71.2856
71.4237
69.8945
72.2982
72.1201
71.9903
72.3364
72.7586
72.5379
72.6744
73.4395
