19.7266
38.2512
45.1532
49.6152
56.6239
59.2692
61.5753
63.9700
66.2847
66.9090
66.7620
67.3223
67.1221
67.9041
69.3672
69.5467
71.4945
68.0889
69.3734
68.8403
69.7469
70.5360
71.1342
71.6108
70.0894
71.6402
71.9615
71.1807
72.2686
68.6602
71.0681
71.8333
72.7628
72.4612
72.0112
72.9420
72.9930
71.3998
72.3200
72.3018
72.9671
71.8799
73.2601
73.9676
72.5711
74.2842
74.7150
75.1598
75.0798
74.7038
72.9753
74.3819
75.0932
74.2110
75.3388
73.8089
74.9739
74.8256
75.0389
75.4044
73.8456
75.0130
75.9827
75.3796
74.9481
75.6087
75.9551
75.9952
76.5965
76.3668
76.5695
74.2706
75.1144
76.9297
77.2562
76.7116
73.9142
78.0083
77.4199
76.8244
76.3421
75.7904
76.6609
77.1772
77.7691
76.5822
76.9311
77.1076
76.1872
75.8507
77.2842
77.3815
76.4361
77.7682
76.0974
77.5379
77.4639
77.1869
77.5823
75.7855
