10.8808
30.6445
41.0034
45.1542
51.7173
55.4143
58.5577
60.6283
61.8689
64.1355
65.4022
66.0025
68.1814
68.4023
69.3171
69.6588
70.0587
70.1283
70.2841
70.6514
70.6287
71.2688
71.8518
71.8523
72.5898
71.9530
72.6748
72.8507
72.9279
73.2747
72.2988
72.9786
72.3092
73.4449
73.8235
73.2193
73.5197
72.5144
73.7118
73.7403
73.9864
73.5903
74.2538
73.4058
74.0038
74.8115
74.4024
73.8126
74.3563
73.8927
73.7264
74.7649
74.4105
74.6925
73.3783
74.4878
74.6513
74.4880
74.5320
74.1741
75.0459
74.8844
74.6732
73.5590
74.2707
73.4310
74.6929
74.4992
72.2105
73.6006
74.2665
74.7517
74.3285
73.9942
74.3592
74.0954
74.8906
74.3329
73.3961
73.8650
74.1164
75.0240
72.9108
73.7589
73.6520
73.6194
73.4086
73.7732
74.0780
73.1724
74.2651
74.5373
74.0421
74.6140
74.4129
75.2202
71.6010
74.7702
74.8913
75.0131
