0.1524
38.3355
46.7409
52.0090
55.6891
61.3404
61.6739
63.1466
64.6519
65.2948
65.8707
67.5564
67.9567
71.2619
71.2644
71.1076
71.7725
72.3057
70.8927
71.8574
71.7054
73.3545
74.2737
73.1861
73.1600
73.6098
74.4937
74.7247
75.4534
74.6396
75.4273
74.3684
74.5769
75.9264
75.2010
75.7959
75.7044
76.1050
75.6949
75.7034
75.5932
74.9674
75.3590
75.6501
76.6039
76.4568
76.1475
76.0326
76.1639
76.5146
76.7474
76.4598
76.8898
76.6235
76.3769
76.9431
76.6383
76.8937
77.5411
77.2664
76.2753
77.1960
77.1120
77.4418
76.5750
77.6526
76.6646
76.9648
76.1614
77.1890
77.0986
76.6966
77.1164
76.8171
77.6417
76.1275
77.3216
76.7474
76.7823
76.1327
76.7874
77.8343
77.5542
78.2383
78.1879
77.9696
77.1747
76.1043
77.2613
76.8486
76.7871
74.1366
76.6574
77.1655
76.9858
77.5997
78.1917
78.1002
77.3007
77.0503
