11.0902
29.2356
45.6909
49.2905
54.2577
57.8449
60.8758
62.9491
62.1081
65.6804
66.5442
67.7359
68.6484
68.9287
69.7280
69.7556
69.8715
69.0424
68.8111
69.8647
70.7140
70.7665
69.8683
70.0455
70.0335
69.8571
70.2669
69.5430
69.7488
69.5569
69.6123
70.5192
71.3777
71.3886
73.0059
71.8114
70.7375
71.7708
70.9297
71.8923
71.1107
71.4273
70.5028
71.7168
71.7976
72.3285
71.4766
71.2670
71.8642
72.1448
72.8954
72.2370
71.4689
72.7193
72.0000
72.3535
73.1134
72.3708
72.5361
72.7019
70.9627
72.6748
73.0131
72.6215
72.3519
72.1914
71.4511
73.6101
71.0980
73.9172
72.1494
72.8082
72.6423
71.4286
73.7543
73.7908
73.0706
73.8400
72.5414
71.1767
72.9622
71.5503
72.6867
71.4858
73.0439
73.1006
72.6626
72.3750
73.1026
73.0833
73.0519
72.6308
72.3926
72.2810
73.0302
74.0708
73.5787
73.8863
73.9164
73.9426
74.3916
74.8398
72.3412
74.1474
72.2018
74.3923
73.3689
72.0898
72.8513
71.6715
72.7273
73.8877
72.8903
72.0014
72.1113
74.5402
74.7898
74.0482
74.6467
74.7552
74.2577
74.3364
73.7576
71.6155
73.2121
73.5041
73.5320
72.3854
73.2981
73.0217
74.7936
73.5828
74.3008
74.1181
74.5769
74.2227
73.8124
73.9550
74.2550
73.7200
74.0194
74.6975
74.0851
73.9661
72.8756
71.4398
73.0004
74.1904
74.4998
74.4222
73.6136
73.1690
74.1797
73.9108
74.4737
74.0255
74.1837
73.5383
69.6191
74.1351
73.4794
72.7163
73.3972
73.4413
74.0134
73.3896
74.3534
74.6837
75.2210
74.5225
74.1366
73.9860
73.7145
74.7349
74.8536
74.7239
74.9024
73.4708
73.0943
74.1672
74.1599
73.7898
73.3642
73.9759
74.5397
74.6543
74.2370
74.8838
74.8495
74.4793
74.6592
74.4333
74.8229
74.0372
73.9886
74.2723
73.9336
73.3495
72.9692
73.3754
74.9496
72.8401
74.3272
74.0506
74.8222
73.5255
74.4784
74.1879
74.0481
74.3189
74.1293
73.5526
74.2490
72.9357
70.9340
73.8152
73.8921
73.2750
73.7662
73.7596
74.3076
72.6621
73.2908
72.7764
71.5843
75.0912
74.7524
74.6170
74.5843
75.2172
75.1466
74.5149
73.1014
75.3691
74.9913
74.4202
74.2189
74.0528
74.8042
74.5677
74.5166
75.7884
74.1406
75.5985
75.0261
74.4795
74.6032
75.9322
75.4222
74.6044
74.6774
74.8221
74.6181
75.8314
75.5366
74.7680
75.9948
75.1504
73.1477
74.6061
75.8777
75.0947
75.8010
74.3294
75.1047
75.9757
74.7752
73.3554
75.5093
74.6832
76.4721
74.8257
76.5976
75.4314
75.4394
75.0176
75.6866
75.5579
75.3605
75.7984
74.0741
74.7677
73.9683
74.5129
74.7946
75.5421
75.3799
75.5473
75.1249
74.6876
74.6555
72.1008
73.8905
71.7258
73.3299
70.4869
72.9395
73.5533
71.0108
74.5235
