2.1323
12.0614
27.3435
37.6928
42.2466
44.0489
48.3644
50.5780
51.8567
53.1622
55.1793
55.9130
57.4528
59.0226
60.4239
60.5729
61.4494
62.4674
62.2317
62.5068
63.9296
63.8633
64.8539
64.3085
64.9021
65.2680
64.4113
64.7770
64.9440
65.1441
64.6032
66.9881
67.6272
66.8529
67.1336
67.0362
67.0787
67.2577
66.6725
66.7530
67.2105
67.1002
66.8664
66.9218
66.5527
66.7137
67.7901
66.0196
64.9339
67.0033
63.9219
67.2431
66.7553
67.2797
66.7601
67.2846
66.5907
66.9741
67.1775
66.6080
67.7565
62.7204
66.9883
67.0336
67.2662
67.1672
67.0954
67.1071
67.7023
68.8056
67.6786
67.9605
67.9331
67.8028
66.1873
68.4969
67.7841
67.3427
67.6915
68.5148
68.3046
66.7539
67.9676
67.7013
67.6694
67.7537
66.8783
66.7622
68.0237
68.0481
68.9141
67.8845
68.7149
67.4793
67.8252
69.0486
67.2942
68.4772
68.2031
68.3882
68.3037
67.7518
67.4907
68.9910
68.8847
69.6291
69.3878
69.0433
66.6260
69.6561
68.5863
68.2522
69.7309
69.7763
68.7963
69.5306
69.7574
66.6549
69.9552
69.8877
69.8503
69.1813
68.5339
69.3498
69.0806
69.0788
69.4799
69.9869
69.6028
67.3905
67.7372
70.6639
69.3750
69.5472
69.7437
69.3759
68.6781
69.2976
70.2045
66.5576
68.9488
69.5290
68.2923
69.6846
68.4035
67.8532
68.8064
69.4082
69.7046
68.7457
68.9321
69.6103
68.3615
68.4342
68.4833
66.2080
68.5392
69.7727
69.4449
68.9774
68.7083
69.6769
68.7168
69.5867
68.3852
68.7799
70.1618
69.7067
68.5384
69.8344
70.5811
69.7229
69.5721
69.2515
70.7884
69.4733
66.4548
70.6985
71.0485
70.6963
71.2594
71.6542
71.4149
71.6147
71.2738
71.1555
70.2693
69.2863
70.4643
71.5908
70.2712
70.9525
69.8962
71.4273
71.3758
69.8449
72.0902
71.0788
70.5079
70.5002
71.0201
70.8387
69.1641
69.3792
70.2820
68.9583
69.0554
69.2975
70.2895
70.3687
71.4497
70.4522
70.5749
70.1945
70.5232
70.5811
70.8597
70.0970
70.3274
70.9258
69.9113
69.7703
69.9170
69.8954
70.1159
69.9342
70.2193
70.3678
69.4994
68.9602
71.3866
69.4741
70.8186
69.5232
68.9918
68.3605
69.0281
67.7868
70.2034
69.4551
69.6387
68.6668
69.4784
70.5648
70.0061
70.4120
70.5556
70.5215
70.7360
70.3213
68.5095
69.5029
70.0798
69.6249
70.1108
67.3192
70.3026
68.7355
70.0682
68.7775
69.5342
70.0783
69.9575
70.2540
69.6986
69.8075
69.8019
69.9817
70.8850
70.3391
71.6529
71.6758
71.6786
71.1111
71.3056
69.7646
70.6415
68.8823
69.8801
70.7871
70.4707
71.5337
70.7433
71.3060
71.0033
70.0671
70.2731
71.1226
71.5970
70.8995
70.8160
70.3665
70.8484
70.3259
70.2357
69.6602
70.5524
69.6385
70.7850
71.3464
