0.0000
0.0000
0.8007
12.1186
20.9450
26.7148
28.4770
34.1706
36.6782
36.5829
38.4235
37.8405
40.6583
43.5023
42.8370
44.2894
43.6228
47.0416
44.5206
45.6276
46.7805
46.6193
46.1887
48.2594
47.8376
45.4244
47.2671
43.9149
48.3752
47.2129
48.7376
46.7116
48.0993
48.9312
47.6209
48.8519
48.7040
49.2167
49.7754
49.9500
47.5582
49.1760
48.3349
49.3528
50.7034
48.3718
49.9358
47.8565
50.3847
50.9094
51.3678
51.2760
50.7266
51.3895
48.9550
47.1508
50.3873
50.9985
50.8149
50.1974
47.4747
51.0924
51.1545
51.3378
49.9292
51.4875
51.2840
51.7148
50.8961
52.2061
50.9454
50.5654
51.4599
51.1292
50.9848
52.8742
49.7941
45.0993
53.1822
51.5886
48.9244
52.2723
52.1498
44.8322
49.2094
52.3361
52.3500
52.4521
53.1955
51.6230
50.8026
51.1429
52.6277
52.0987
50.6407
49.0367
53.0415
50.3792
52.1700
54.6215
55.2974
53.3009
56.2840
55.5140
53.3477
54.9730
56.6061
54.3170
54.9196
55.8581
55.9027
0.1949
9.7508
27.5965
29.6501
33.5119
37.6152
38.0222
40.5343
42.3201
43.7901
46.6959
45.5283
44.6425
47.9660
48.0460
49.0110
50.6420
50.4689
47.3530
49.9503
50.6828
51.3880
51.3713
49.2896
51.2747
52.2427
54.1065
52.4101
52.8412
54.9325
52.2695
54.6430
45.6780
55.2731
51.2364
56.1899
54.4123
53.4783
55.7630
56.1718
55.6985
56.9175
56.1519
58.0599
57.3617
58.0727
58.5299
58.0274
57.4466
58.4713
58.1915
59.7697
57.7914
58.1752
58.7111
58.5779
60.0126
59.3161
57.3880
59.4458
59.9607
58.7029
57.9708
58.6782
59.6270
60.1509
60.5473
59.6834
61.3530
57.5617
60.8734
60.3414
61.5007
61.0908
61.4571
60.6233
62.5762
61.7681
61.9372
58.3702
60.8364
62.0882
60.7414
60.5736
62.2195
62.5506
62.3492
62.1796
61.9611
62.7636
63.0385
61.9771
62.4823
62.3255
63.5847
62.8872
63.4701
60.8292
62.8790
63.2925
63.1607
62.9120
63.0151
62.1550
62.6279
62.7172
62.8547
63.0546
62.2891
62.5000
60.4952
58.4353
59.5945
61.3215
61.6784
60.7302
61.7318
61.7436
60.9845
59.9083
60.2757
60.7253
61.4277
60.8787
62.0394
62.2386
54.9407
61.0580
62.0611
61.7784
61.9111
62.8309
62.3093
62.3547
61.2840
62.4568
62.8083
62.0357
63.3827
62.5198
64.0302
64.2323
63.0720
63.5294
62.7785
62.7021
62.6958
62.3580
62.5792
62.5719
62.5298
61.9186
61.3765
63.2361
63.5152
62.9206
63.8476
63.5210
62.7513
63.4650
63.6154
62.4758
62.7239
63.4617
63.3419
61.9225
61.6868
59.7945
62.5577
64.0834
63.7440
62.9659
63.6576
63.6917
62.6088
64.0945
64.9181
63.7770
63.8007
62.8367
63.6427
62.9225
62.5371
62.5408
63.6788
63.3598
63.2849
64.0557
63.7877
