0.0000
0.0000
0.0000
0.0000
0.2693
0.5704
7.8513
7.4832
8.8825
9.8422
12.4728
13.2773
15.5598
25.7084
18.7253
26.3805
24.0691
28.1041
28.2540
24.6478
27.9995
28.6075
32.7888
30.6306
32.5018
32.3663
33.3219
35.9928
35.0044
36.5033
36.5813
36.3985
35.4477
35.4859
34.3704
38.6407
36.4478
39.1330
39.7996
38.5487
40.5628
38.9406
36.8897
40.4285
42.4410
40.9014
39.4042
40.6616
36.9350
41.7666
42.8806
42.3998
40.7931
35.2680
41.1668
42.2691
41.8587
39.3087
43.0446
40.4452
41.5971
43.1521
43.6790
43.4783
43.4857
40.6920
41.9171
43.9854
44.8811
40.9907
40.4762
44.2128
42.9970
43.0523
44.9777
44.4914
46.0790
43.9664
43.7559
44.2163
45.4245
45.3736
41.3846
43.7113
45.5663
44.3892
44.1977
45.0096
46.0357
46.8475
45.6166
45.3426
44.9380
42.5810
43.8608
44.0988
44.4146
47.1354
43.9477
43.1119
44.5049
44.3040
44.9502
47.2461
44.9488
42.7936
45.1546
42.8977
43.6350
45.3186
45.9993
45.4454
46.3556
43.0512
44.1342
44.5005
44.5480
45.5914
46.4915
46.5712
46.2624
45.0922
47.7328
46.5738
46.9606
46.4218
47.0297
44.1062
46.6545
47.0900
47.5352
46.1189
46.8492
47.5389
47.6894
47.8134
49.6854
46.0788
49.2743
48.0083
47.9134
50.4221
48.6304
49.1454
49.4632
43.9787
47.7647
48.9454
50.8996
50.0807
48.4273
48.6688
49.1970
48.0308
49.7855
48.6645
46.7967
48.6319
49.2063
47.3274
49.7143
49.9365
49.8886
48.7129
49.8918
49.9952
48.4574
51.7447
49.7946
48.8515
48.8770
49.6540
50.1764
51.0646
49.7914
51.5434
51.3111
46.8383
49.3199
47.9060
48.0697
49.1046
47.3391
50.3263
48.8155
50.0422
49.4555
49.1706
49.1095
51.2677
49.8416
50.3875
49.6949
48.2643
48.9869
52.0548
48.6462
50.8198
45.9010
41.0489
48.3013
47.3767
48.0266
48.4467
50.7045
50.7666
50.2708
51.6879
51.4733
50.8087
51.3107
50.6954
50.1040
51.1868
51.0638
51.7201
50.7187
51.4960
49.8310
50.3659
49.9770
51.6377
52.1544
52.5436
48.9742
51.0051
52.3517
52.3588
50.8051
51.1917
50.7945
51.4455
51.5076
52.9675
52.8826
52.8541
51.5449
51.7705
52.7485
52.6719
52.5735
52.8233
52.4986
52.4596
52.9667
51.4158
52.7510
45.6845
53.4632
52.2513
52.7649
53.6598
53.2135
52.4868
53.4011
53.5080
54.1415
53.3599
53.2734
52.8483
52.2222
52.2361
51.9582
50.8674
50.8960
51.4553
54.2138
51.4632
52.5559
52.7176
52.8467
52.4932
51.7144
52.3123
49.4673
52.8785
50.9191
54.0417
53.4394
53.3240
52.0973
53.6896
53.3370
52.6461
52.2887
53.0849
53.3866
53.4819
53.7114
53.3345
53.9991
52.4456
53.5753
53.2458
53.1641
52.5910
52.9295
53.2767
50.9807
53.0980
